dmd =  0.50650 C L(-INF - +INF) 
gammaData =  1.5200 C L(-INF - +INF) 
p0 =  1.0000 C L(0 - 2) 
p1 =  0.17080 +/- 0.017422 L(0 - 2) 
p10 =  6.0000 C L(0 - 15) 
p2 =  16.308 +/- 2.2068 L(0 - 50) 
p3 =  0.33815 +/- 0.0084688 L(0 - 2) 
p4 =  0.85281 +/- 0.019519 L(0 - 2) 
p5 =  2.7608 +/- 0.11185 L(0 - 5) 
p6 =  0.64159 +/- 0.011210 L(0 - 5) 
p7 = -3.63126 +/- 0.63769 L(-5 - 5) 
p8 =  3.0955 +/- 1.0656 L(0 - 5) 
p9 =  0.0000 C L(-2 - 2) 
